loss : 2.0284745693206787
accuracy : 0.6136363744735718
precision_1 : 0.6304348111152649
recall_1 : 0.6590909361839294
auc_1 : 0.62138432264328