loss : 0.11949682235717773
accuracy : 0.9540128111839294
precision_8 : 0.955121636390686
recall_8 : 0.9561042785644531
auc_8 : 0.9908758997917175
