loss : 0.08317528665065765
accuracy : 0.9742542505264282
precision_2 : 0.9724542498588562
recall_2 : 0.9715909361839294
auc_2 : 0.9951967597007751