loss : 0.10931215435266495
accuracy : 0.9609375
precision_1 : 0.9603273272514343
recall_1 : 0.9584516882896423
auc_1 : 0.9921360611915588