loss : 0.084017314016819
accuracy : 0.9715909361839294
precision_2 : 0.9702549576759338
recall_2 : 0.9730113744735718
auc_2 : 0.9945523142814636